x<-c(121,116,114,110,105,99,96,95,93,92,95,94,88,87,82,81,79,76,74,69,70,71,68,58,53,52,48,44,45,41,40,37,34,29,26,29,31,33,34,30,28,31,27,24,22,21,
     26,25,28,27,34,35,39,41,47,49,51,55,57,59,62,64,71,76,79,84,87,90,101,102,107,111,115,117,119,122,125,126,129,134,139,142,146,145,146,143,142,
     145,144,147,152,153,155,158,160,163,162,166,162,165,169,163,159,157,158,156,155,154,156,155,158,161,162,164,171,174,173,174,173,175,176,179,180,
     182,183,182,189,188,187,195,198,201,206,207,211,213,215,217,220,225,227,229,231,234,238,243,244,248,249,250,249,252,260,265,267,266,264,261,266,
     274,275,277,278,282,284,286,288,287,288,285,289,288,285,286,288,286,285,283,282,281,290,294,297,300,304,303,308,310,312,316,320,322,326,327,332,
     331,333,334,332,335,339,341,336,335,334,332,329,327,325,323,319,315,313,309,305,302,300,301,298,296,295,292,288,283,281,279,280,282,277,274,273,
     271,270,266,264,263,267,266,261,260,256,254,255,251,249,250,244,243,241,232,230,227,225,224,221,220,219,217,213,211,204,201,197,199,197,193,190,
     188,177,178,174,173,174,168,161,158,157,154,150,148,146,143,139,130,129,127,125)


y<-c(325,322,321,316,317,314,312,313,312,313,318,320,316,313,312,307,306,307,304,302,299,296,292,290,286,282,280,277,273,271,268,267,263,260,256,
     249,250,246,244,241,240,236,233,231,232,231,224,219,214,210,208,206,205,196,197,193,192,195,189,186,185,183,189,190,191,187,188,187,189,192,
     196,195,196,193,190,195,194,192,191,187,188,182,181,175,170,168,162,158,156,154,153,151,150,145,138,136,129,126,123,119,117,109,108,106,104,
     101,96,95,92,90,88,87,84,76,71,69,65,61,59,52,47,43,40,41,36,34,29,24,21,19,20,18,17,16,21,24,23,16,17,21,20,24,28,29,34,37,39,42,50,54,55,59,
     61,63,64,67,74,78,85,86,89,90,94,93,96,99,100,107,111,113,119,123,127,131,134,138,140,141,146,149,152,155,159,160,165,169,171,172,177,178,183,
     190,189,187,191,195,199,202,204,205,204,206,210,214,215,214,216,221,220,214,209,208,213,212,211,213,214,217,221,222,228,230,229,231,236,237,
     239,240,247,248,255,256,259,261,262,265,270,272,273,276,278,279,280,282,285,291,295,298,299,297,298,296,299,301,300,299,300,299,301,304,303,
     304,299,295,294,296,295,298,297,293,292,293,297,299,297,299,305,306,305,308,309,305,308,310,309,316,317)





x1<-c(116,114,110,105,99,96,95,93,92,95,94,88,87,82,81,79,76,74,69,70,71,68,58,53,52,48,44,45,41,40,37,34,29,26,29,31,33,34,30,28,31,27,24,22,21,
      26,25,28,27,34,35,39,41,47,49,51,55,57,59,62,64,71,76,79,84,87,90,101,102,107,111,115,117,119,122,125,126,129,134,139,142,146,145,146,143,
      142,145,144,147,152,153,155,158,160,163,162,166,162,165,169,163,159,157,158,156,155,154,156,155,158,161,162,164,171,174,173,174,173,175,176,
      179,180,182,183,182,189,188,187,195,198,201,206,207,211,213,215,217,220,225,227,229,231,234,238,243,244,248,249,250,249,252,260,265,267,266,
      264,261,266,274,275,277,278,282,284,286,288,287,288,285,289,288,285,286,288,286,285,283,282,281,290,294,297,300,304,303,308,310,312,316,320,
      322,326,327,332,331,333,334,332,335,339,341,336,335,334,332,329,327,325,323,319,315,313,309,305,302,300,301,298,296,295,292,288,283,281,279,
      280,282,277,274,273,271,270,266,264,263,267,266,261,260,256,254,255,251,249,250,244,243,241,232,230,227,225,224,221,220,219,217,213,211,204,
      201,197,199,197,193,190,188,177,178,174,173,174,168,161,158,157,154,150,148,146,143,139,130,129,127,125,122)


y1<-c(322,321,316,317,314,312,313,312,313,318,320,316,313,312,307,306,307,304,302,299,296,292,290,286,282,280,277,273,271,268,267,263,260,256,249,
      250,246,244,241,240,236,233,231,232,231,224,219,214,210,208,206,205,196,197,193,192,195,189,186,185,183,189,190,191,187,188,187,189,192,196,
      195,196,193,190,195,194,192,191,187,188,182,181,175,170,168,162,158,156,154,153,151,150,145,138,136,129,126,123,119,117,109,108,106,104,101,
      96,95,92,90,88,87,84,76,71,69,65,61,59,52,47,43,40,41,36,34,29,24,21,19,20,18,17,16,21,24,23,16,17,21,20,24,28,29,34,37,39,42,50,54,55,59,61,
      63,64,67,74,78,85,86,89,90,94,93,96,99,100,107,111,113,119,123,127,131,134,138,140,141,146,149,152,155,159,160,165,169,171,172,177,178,183,
      190,189,187,191,195,199,202,204,205,204,206,210,214,215,214,216,221,220,214,209,208,213,212,211,213,214,217,221,222,228,230,229,231,236,237,
      239,240,247,248,255,256,259,261,262,265,270,272,273,276,278,279,280,282,285,291,295,298,299,297,298,296,299,301,300,299,300,299,301,304,303,
      304,299,295,294,296,295,298,297,293,292,293,297,299,297,299,305,306,305,308,309,305,308,310,309,316,317,324)



nigerX <-c( 14.235 , 14.25 , 14.08 , 13.76 , 13.59 , 13.27 , 13.152 , 13.212 , 13.396 , 13.444 , 13.391 , 13.362 , 13.297 , 13.016 , 12.864 , 12.876 ,
            12.832 , 12.911 , 13.12 , 13.361 , 13.384 , 13.364 , 13.243 , 13.172 , 13.177 , 13.085 , 13.152 , 13.326 , 13.538 , 13.639 , 13.72 , 13.805 ,
            13.884 , 13.879 , 13.787 , 13.743 , 13.69 , 13.601 , 13.55 , 13.499 , 13.157 , 12.908 , 12.719 , 12.566 , 12.139 , 11.937 , 11.684 , 11.921 , 
            12.151 , 12.341 , 12.435 , 12.37 , 12.237 , 12.114 , 12.221 , 12.414 , 12.609 , 12.79 , 12.738 , 12.736 , 12.818 , 12.985 , 13.175 , 13.279 ,
            13.395 , 13.514 , 13.556 , 13.541 , 13.719 , 13.986 , 14.352 , 14.579 , 14.831 , 15.066 , 15.049 , 14.975 , 15.017 , 15.099 , 15.108 , 15.129 , 
            15.181 , 15.292 , 15.359 , 15.56 , 15.757 , 16.043 , 16.41 , 16.951 , 17.06 , 17.538 , 18.122 , 18.711 , 19.243 , 19.331 , 19.422 , 19.571 ,
            19.834 , 20.181 , 20.553 , 20.886 , 21.25 , 21.516 , 21.822 , 22.069 , 22.383 , 22.664 , 22.968 , 23.306 , 23.597 , 23.541 , 23.522 , 23.537 , 
            23.506 , 23.482 , 23.439 , 23.206 , 23.047 , 23.144 , 22.576 , 21.982 , 21.66 , 21.255 , 21.11 , 21.152 , 21.034 , 20.936 , 20.701 , 20.76 ,
            20.488 , 19.959 , 19.452 , 18.961 , 18.459 , 17.983 , 17.429 , 17.061 , 16.741 , 16.464 , 16.108 , 15.762 , 15.388 , 15.136 , 15.008 , 14.715 ,
            14.627 , 14.555 , 14.235)
nigerY <- c( 13.514 ,13.42 ,13.08 ,13.322 ,12.958 ,12.565 ,12.336 ,12.13 ,11.712 ,11.472 ,10.82 ,10.426 ,10.2 ,9.95 ,9.799 ,9.443 ,9.047 ,8.774 ,8.398 ,
             8.017 ,7.828 ,7.668 ,7.497 ,7.306 ,7.123 ,7.009 ,6.829 ,6.674 ,6.54 ,6.401 ,6.036 ,5.753 ,5.464 ,5.282 ,5.206 ,4.823 ,4.491 ,4.297 ,4.256 ,
             4.115 ,4.071 ,3.978 ,3.817 ,3.643 ,3.639 ,3.615 ,3.545 ,3.273 ,3.005 ,2.808 ,2.707 ,2.567 ,2.454 ,2.439 ,2.121 ,2.173 ,2.193 ,2.089 ,1.933 ,
             1.744 ,1.42 ,1.213 ,1.086 ,1.104 ,1.138 ,1.114 ,0.973 ,0.714 ,0.709 ,0.507 ,0.247 ,0.247 ,0.222 ,0.104 ,0.29 ,0.614 ,0.824 ,1.016 ,1.429 ,
             1.857 ,2.35 ,2.828 ,3.311 ,3.348 ,3.785 ,3.976 ,4.034 ,4.113 ,4.29 ,4.292 ,4.301 ,4.29 ,4.27 ,4.594 ,4.937 ,5.626 ,6.018 ,6.479 ,7.039 ,
             7.481 ,8.005 ,8.475 ,8.967 ,9.449 ,9.996 ,10.446 ,11.022 ,11.508 ,12.045 ,12.073 ,12.553 ,12.994 ,13.534 ,14.001 ,14.198 ,14.57 ,14.933 ,
             15.26 ,15.334 ,15.229 ,15.187 ,15.362 ,15.505 ,15.569 ,15.651 ,15.484 ,15.616 ,15.741 ,16.007 ,15.755 ,15.654 ,15.582 ,15.555 ,15.554 ,15.58 ,
             15.586 ,15.538 ,15.254 ,14.988 ,14.579 ,14.243 ,13.981 ,13.971 ,13.853 ,13.781 ,13.647 ,13.514)








